1063.2
831.6
349.7
724.9
666.6
1178.1
1156.4
1416.7
1201
1259.9
764
1222.4
896.1
861.7
775.1
1287.7
1075.3
1022.7
1712.4
1606.9
1126.9
1692.1
879.4
698.2
938.4
843.4
609.1
809.3
749.4
1165.9
999.3
1645.2
1478.4
1616
1438.1
1271.1
2269
1557.1
1169.7
1909.3
776.6
857.1
922
1515.6
1085.1
1002
1793.2
1137.5
1881.7
1140.5
926.9
851
1175.3
1756.6
1962.9
1479.7
1689.4
1195.7
780.1
1157.2
913.4
1145.1
488
446.7
836.9
1152.2
949.4
826.1
1233.7
1068.9
699.6
735.1
1131
494.4
1001.4
1012.1
773.4
923.7
689.7
1030.2
1290.1
902.8
1014.8
805.1
1012.1
840.9
867.1
708.4
904.8
1017.1
953.3
1164.8
1406.6
1042.7
756.9
969.7
837.4
702.2
765.3
490.4
558.1
699.2
1201.9
909.7
1280.3
993.4
892.5
1119.6
868.8
779.2
599.7
757.4
561.3
815.5
1111.4
956.1
1217.2
1140.3
872.9
902.3
845.7
911.4
893.3
818
821.6
969.4
734.1
881.7
965.6
728.2
666.1
703.1
906.6
596.7
392.6
669
558
932
939.9
794.4
1073.1
1081.6
744.5
637.4
698.6
533.6
522.7
807.4
509.4
933.1
733.4
1049.5
719.2
498.7
614.6
714.1
796.4
519.6
606.2
533.5
468.2
455.2