122.1088395697
78.3859367463
41.2508418791
65.4751234025
81.6517046411
96.7179955411
128.1517557891
157.4746710799
123.5395109437
153.1482529168
80.3077508874
129.5673782597
89.6068461264
88.3411357835
67.55426552
110.0274337672
112.7894792365
97.7697551271
161.9596460167
154.2951254032
111.2460114789
157.7334286437
84.2117431532
94.8493254591
110.3587076214
102.8924472581
95.3347476244
83.3027445296
75.8744951158
138.497355563
94.489940217
158.9450020187
165.9615276881
169.563267619
158.2331272089
123.6646372952
196.2434900509
159.708801538
98.2349973442
164.2341006643
95.3165856975
77.3698172907
98.1822776119
160.7163978076
115.9564104985
140.0566895912
175.9873955738
109.6452406322
163.9989464092
109.2878154251
98.1896143218
78.0297975017
110.2822660232
127.7268821016
174.9504254849
138.9346368713
165.6115575743
108.3556214227
77.9654293422
121.821303765
85.7114908296
119.4146454238
57.4662563841
54.2383626062
73.1270271376
105.3392827198
130.2624117236
134.9051901419
119.9734858272
114.6298118938
85.2893125498
97.2051724626
103.123342685
53.8036760902
104.650284949
92.6529394753
89.1432704566
95.5124506796
93.4254514484
126.1995277407
151.6724497408
116.0504755395
91.0167797973
76.717279626
95.3612849409
76.9225293869
94.5161721498
67.3751892153
85.7190591823
98.8649205648
117.813419875
143.1843492846
124.0531688215
113.0954060146
83.173639296
95.7825602799
101.7893189204
67.5025938825
75.6058185944
51.201313241
73.1584387895
86.4593889733
117.3049892518
105.9287606783
113.1825466122
102.7397297814
85.6970425145
109.7553685327
95.9260537219
73.3838065024
57.0926278312
73.9558158179
53.1777834935
74.2732493961
97.6702963564
118.4709517696
129.4508735442
110.3719678877
93.8977932723
88.0222163797
103.8042743001
87.9234414072
87.2043345598
80.3928755556
80.678969028
95.5716391161
103.634485249
108.3746779504
105.4494500944
87.0499663172
93.8457546934
74.6553939514
76.3271427098
95.5596635797
51.9238271132
93.8326678732
55.9384955412
90.4773317687
90.2985686955
111.9518610983
101.3813554589
115.7767377164
88.4959520979
82.4198877162
66.6164802371
65.0223263828
72.4633938151
75.1558114694
71.964134064
85.5095959014
75.4836510243
107.4948286224
71.5378903213
61.7111978724
59.4554803665
68.1596337295
74.8972693773
50.4252493872
58.944974636
52.3352242852
44.6270756551
45.1671042197
65.2550838337
59.7207121264
52.0064219514
61.2405837619
56.7991019814
61.7071875259
78.3741382349
85.7849732991
59.5832360614
